15880
39538
81793
82605
204498
227264
233580
286433
308751
358060
410756
494407
509463
509840
541495
542040
555647
576733
624404
625260
639909
643358
666058
675439
764097
833745
862158
889182
899982
905166
912844
931337
1022286
1042358
1049567
1071495
1110719
1136524
1148199
1252607
1256011
1278743
1299474
1314226
1318387
1380629
1404468
1449111
1471073
1499950
1507356
1529987
1608331
1625202
1689495
1696326
1740231
1750517
1803590
1828204
1838833
1859250
1949670
1982932
2005102
2092335
2100346
2112995
2210114
2235135
2281928
2294302
2294582