5054
52104
55779
74087
82198
137609
149361
164044
182319
183773
184393
220621
223216
224071
230264
230302
264985
268912
290792
302083
305838
322017
328238
329588
340581
371575
383858
386487
387046
424390
427413
442650
463580
473115
541967
557041
565741
611077
647316
650296
655280
662864
688050
718468
747878
767005
778578
788740
789254
793193
816624
820127
839367
839494
850878
855280
856754
856939
863378
867076
884767
901307
906189
932365
932635
932912
939241
976644
976989
980782
1033017
1055965
1072623
1072627
1072629
1072654
1074198
1077691
1081714
1085215
1085299
1089555
1111111
1111129
1114373
1114469
1130187
1134277
1143588
1144781
1144939
1151537
1181268
1196921
1216523
1221053
1243066
1247416
1247675
1248297
1248383
1257234
1257276
1257280
1275719
1285800
1294818
1298212
1329762
1343707
1345729
1352197
1358808
1371454
1372578
1380611
1387813
1428611
1440192
1440476
1445490
1452414
1522814
1522822
1522824
1548750
1551838
1556343
1558102
1561754
1565813
1597351
1617832
1625265
1636039
1654256
1663692
1676369
1681185
1703149
1708031
1741553
1773751
1774833
1788277
1789240
1836001
1842872
1842875
1851917
1853696
1921608
1926931
1934624
1941726
1970260
1990625
1990626
1994064
2013509
2022467
2027167
2030463
2033999
2056246
2076985
2077727
2079613
2085857
2095611
2097394
2115068
2143858
2152608
2162444
2178365
2180452
2183354
2185880
2198075
2219569
2222550
2233274
2237280
2237502
2239085
2269067
2282709
2290615
2293119
2299107
2306207
2306714
2310067
2314098
2321562
2357718
2359813
2361215
2362705
2371618
2398145
2404641