5.477850666443817573e-02
6.465446504078009582e-02
4.510604688187913602e-02
4.483622809236140205e-02
3.623511685960167927e-02
4.035439506788129904e-02
4.224984896710047566e-02
4.405342231276385134e-02
3.484478576368460478e-02
3.554604429630026097e-02
3.283003445968657452e-02
4.480182880246347255e-02
4.415798262696535303e-02
5.057164720808371428e-02
5.119682365230482368e-02
9.640709968668159657e-02
4.936446438584796148e-02
6.096238329938441503e-02
4.870448518630210444e-02
1.007683443134177459e-01
3.143478908313460107e-02
9.682907222516473622e-02
6.644616496335292721e-02
6.006113498808629547e-02
4.380487626627960207e-02
5.661319695091887594e-02
3.210861388621277790e-02
5.557875218739338763e-02
4.057615705336903300e-02
3.832904568585210336e-02
5.252631639712390665e-02
2.886219140818771511e-02
7.899646790390646434e-02
5.922664447091119388e-02
9.189081001478832667e-02
5.884628604634867255e-02
4.647379626651099160e-02
4.568083218430235570e-02
5.334370063660787142e-02
4.622919866948399514e-02
5.542054031244114665e-02
6.663911065387601029e-02
3.871420572939215932e-02
3.730361312216168290e-02
5.013538493040520239e-02
5.947564822922390970e-02
3.648282709603756224e-02
5.302712138601595182e-02
4.471618149714751134e-02
5.063400065246259629e-02
3.837304573809341424e-02
6.853323881035211507e-02
4.823816606913444716e-02
5.667772323249337107e-02
6.360675740617877105e-02
1.086158781763456038e-01
5.633433086055494865e-02
3.332740923136146005e-02
5.806481074104269391e-02
6.459992909460088306e-02
4.596173770340539200e-02
1.017560915763243701e-01
6.169496534973084589e-02
4.581180596335693300e-02
4.662403237921419752e-02
3.927490541672518098e-02
5.231994005589982177e-02
3.725022767719135541e-02
5.684929926497711561e-02
5.294590105685884063e-02
3.302594039672968051e-02
3.671342432023205760e-02
3.660332145794270575e-02
4.442166747505182922e-02
3.239662238148791062e-02
4.159854244874716667e-02
5.717545337502905056e-02
6.444781179498393353e-02
3.889693986100095646e-02
4.317818116183014254e-02
4.669391986380000414e-02
8.382458820398352994e-02
5.389177238228592959e-02
4.536031134962928424e-02
3.943532372668001607e-02
6.195325003891294369e-02
3.226662363534082978e-02
6.603963268872514725e-02
8.562503430875989530e-02
3.353516001033085558e-02
4.495786929091788453e-02
5.188528102145267829e-02
4.173003633051453054e-02
4.111046758307623783e-02
5.485273907154908368e-02
4.321547111429135946e-02
5.612844971581121278e-02
7.787303019188385189e-02
4.647590465871259680e-02
5.238996308115889677e-02
5.351235186858205317e-02
3.615767914592252219e-02
2.871161142965616975e-02
4.236168519824046186e-02
5.518122206085862569e-02
9.273715204980631510e-02
3.019909930071540405e-02
4.611664406122845117e-02
4.000802243686926718e-02
9.088140914134776316e-02
3.864827685787702860e-02
5.500295723309300833e-02
3.165870910698498353e-02
4.300083481147311260e-02
3.956284019789435558e-02
3.633913398760935110e-02
5.192312493987888411e-02
7.470726716248110577e-02
4.513025056373222432e-02
8.204731709652440808e-02
6.248093798588177927e-02
3.501689107698396919e-02
7.977920180285258400e-02
4.350998429138153156e-02
6.004169349758592400e-02
5.060632976732137855e-02
3.861298554712688791e-02
3.300511887800305910e-02
4.826183712061882236e-02
4.110611699407118458e-02
4.278490863582379289e-02
4.005127512489359276e-02
1.133372863862810442e-01
7.035074496143817191e-02
5.841954571483110037e-02
6.748990617260763880e-02
3.732376038255097450e-02
8.521775707632861518e-02
7.444858642315443920e-02
8.166424085335455274e-02
5.623854882086337659e-02
4.943293315352281780e-02
4.880498164219648771e-02
4.028426493762982119e-02
3.476101612139670394e-02
5.304643027220135032e-02
4.608783557774509543e-02
5.390615725746128462e-02
5.029903709858740690e-02
2.726745924478857219e-02
4.607603993145525934e-02
4.654350118639599687e-02
4.422622770622708366e-02
3.069419129229933318e-02
2.849568263496538023e-02
7.268812801690602288e-02
5.635937904279753052e-02
3.768518444932894562e-02
6.360146349153161793e-02
5.273442558133789593e-02
4.627102038527786121e-02
1.226579057216725666e-01
2.651948080940286223e-02
3.613389769680069863e-02
4.819818973192205314e-02
4.045054395403432923e-02
8.196475555192805906e-02
3.009952115334535439e-02
4.718962972108420306e-02
4.674846621712602790e-02
1.038246561210027230e-01
3.260760098044013233e-02
4.266579007949422575e-02
3.934552589432460667e-02
5.435632462919959274e-02
4.764283440551675408e-02
3.173573626271752879e-02
3.640732248248890190e-02
7.640533090174622677e-02
3.533537553199989079e-02
5.035695655749994337e-02
3.424733802324742005e-02
7.965403948125693301e-02
4.223242865362125675e-02
3.074605755376658145e-02
6.551965575807994213e-02
4.574515015837865572e-02
5.690543184954786893e-02
3.866658075190665400e-02
8.417126266197785811e-02
5.699220400061233427e-02
6.406247828153399659e-02
2.623470041512709905e-02
4.512019608110851010e-02
7.661087847250330762e-02
8.054173019533983346e-02
3.280701241009437163e-02
4.934959803584859639e-02
4.612312649917205132e-02
6.366582887252736356e-02
7.440909950715157706e-02
3.025848028910260723e-02
9.047585964429250005e-02
5.325856117068983320e-02
9.562178772953178196e-02
7.416384748798687809e-02
7.745355766077377524e-02
5.065375284903461672e-02
4.117710442481969935e-02
5.134958073113699006e-02
5.713380665310113793e-02
7.812014625813068491e-02
3.841181183095249141e-02
4.286666752374124201e-02
4.161283040715579862e-02
3.854042320780881603e-02
5.611403848968546382e-02
5.388832989854031030e-02
5.916734138043880376e-02
5.707110813180013564e-02
5.355689994784251784e-02
5.346289523396552390e-02
5.327476017387006157e-02
3.337272627307497075e-02
3.776860444541685347e-02
8.997326938639726990e-02
6.158123388735697867e-02
6.786572599093720903e-02
3.667926471200999572e-02
3.580030540574774545e-02
6.623038411913617640e-02
9.113165488071262033e-02
6.251476561478862271e-02
4.709402947072291457e-02
4.915868731330447217e-02
4.414735091480459506e-02
7.299109313618323824e-02
6.251657244262909252e-02
5.969565459176290334e-02
3.909985556138351193e-02
2.741290960932762921e-02
6.900073180715016186e-02
6.036759559732302050e-02
3.055932097837710248e-02
4.945734196527978854e-02
3.578208305515306886e-02
4.657305146181234257e-02
2.629593844315569751e-02
8.304677083629524725e-02
4.490560410885136022e-02
6.337565642916531683e-02
6.760026976207500482e-02
4.818248829236243536e-02
6.036388552074456459e-02
4.258805572336443745e-02
5.123898843861415114e-02
6.881816771774895702e-02
4.254962983939980514e-02
5.760766510643716698e-02
8.922258086374762476e-02
3.093148491341135564e-02
2.525934884733516128e-02
4.088451200183873535e-02
3.984638194473044681e-02
5.578711300606581380e-02
6.385196868696091377e-02
4.954395905828745672e-02
4.906925579011445215e-02
4.824120168975210010e-02
5.479626913400742483e-02
2.761400346792788896e-02
3.171905412837869309e-02
4.342396791208497087e-02
2.553886980568198517e-02
3.946055980482793268e-02
4.712105271190628053e-02
4.370946200732547804e-02
4.776304981372864189e-02
4.235528284385640940e-02
5.134879278586446105e-02
7.726978364951098133e-02
2.254065611082439746e-02
5.860029420049450710e-02
3.917668104438953858e-02
6.243869672171475926e-02
7.630699988490519114e-02
5.550932819211329416e-02
4.988142619374980047e-02
6.469083218311855177e-02
5.797594791140281423e-02
5.489814533845105426e-02
4.303068421465330862e-02
3.307085087732675177e-02
4.164155775050715214e-02
6.660438738122564928e-02
3.192771517483283805e-02
6.469055441190663114e-02
7.219137504633721392e-02
3.742781781388548890e-02
3.298819372096994940e-02
2.469247865072499160e-02
5.432939244051943062e-02
2.664220049897017550e-02
9.646139952495680348e-02
3.484539483085186129e-02
8.083780115736394212e-02
7.808996003067658620e-02
3.863865459463367014e-02
4.715600755811166778e-02
3.960886006400299308e-02
3.382457946392547488e-02
4.431922892139139591e-02
4.746176758310949317e-02
3.794057226584734988e-02
6.628869212855070803e-02
4.931434127482214880e-02
4.224465435421520532e-02
2.992251913962973298e-02
5.504337854651386586e-02
3.777480697314683500e-02
5.709611266677649954e-02
5.436497286646796434e-02
6.795044813600137346e-02
3.434874128155032680e-02
3.906548968653156262e-02
5.324898475448425206e-02
6.709761071983777470e-02
3.170184747318693930e-02
3.873410201560564814e-02
5.146816493591965802e-02
4.648890596324745106e-02
4.284024053684074018e-02
5.314238214458427700e-02
6.350361710118002101e-02
4.941795386379035926e-02
7.570221638838781075e-02
2.988299944437644573e-02
6.017432179196369191e-02
4.347106128562408522e-02
4.046027056445344883e-02
9.293651230668198426e-02
2.573555038509578452e-02
6.914979771791296415e-02
6.103950525581200437e-02
6.743073208268102192e-02
5.892384993199301091e-02
2.505774173979491426e-02
7.404758452514331735e-02
4.407387314009936219e-02
5.109414442047444105e-02
5.102744039028900280e-02
7.126007190434413552e-02
7.172208553482872784e-02
3.421260905540957076e-02
6.172384509469275304e-02
9.247197887025737639e-02
8.128706487287962190e-02
3.219158734728322369e-02
9.619115356253749027e-02
4.011197683066536346e-02
6.791738547903480860e-02
4.040599196833327689e-02
3.649411578785799470e-02
7.785154215210221551e-02
4.655959568761058875e-02
4.070268366091975287e-02
3.465343878617457851e-02
3.714393281204753094e-02
4.437765773278778969e-02
9.271552957392087402e-02
1.065618481738480616e-01
5.239093407025541271e-02
5.405393519544188230e-02
5.487903557616946593e-02
6.444894926017666337e-02
4.068586382035421778e-02
4.161502008111650497e-02
4.255774504975373684e-02
5.847084797078910823e-02
4.103052394058859242e-02
4.232049679618521409e-02
3.621013583194110375e-02
7.374431940244241535e-02
3.673198902015639700e-02
6.642092994923520788e-02
4.163077493398048556e-02
2.736916078296780519e-02
5.258473750842085348e-02
2.418161055955025951e-02
4.131094873930185596e-02
5.525905473485503983e-02
3.702516041392689417e-02
5.140960072150574378e-02
3.741659510417749690e-02
4.841297914592057605e-02
7.897570004208948058e-02
5.492086842298393723e-02
4.479145902067044327e-02
7.811547123625040001e-02
9.682506599834572736e-02
2.645821549735882794e-02
4.465233033787352479e-02
5.564769110460565660e-02
5.730020672756097611e-02
3.369295206577380131e-02
3.297645024771633793e-02
6.834669305624280211e-02
6.468421607755248104e-02
4.999491237568320923e-02
3.791068209772907593e-02
6.868109254670329289e-02
3.630467294502598419e-02
3.340291186139959789e-02
4.677179178004409188e-02
6.724042331840951459e-02
4.610485133085051590e-02
4.070347489202241764e-02
4.208794464163956306e-02
4.568316530751004301e-02
6.645294236228382889e-02
3.321957683188148103e-02
5.193065634308502432e-02
6.908540127298201661e-02
3.932127289858494690e-02
5.598679217134472363e-02
3.783045797538986399e-02
4.332470536484345214e-02
4.372211529467706637e-02
5.153440994546093501e-02
6.063003745408190870e-02
5.136926507606665027e-02
5.317989517615825945e-02
8.103073543226341213e-02
4.850822384243386187e-02
4.342221866382284245e-02
6.299192062881125986e-02
6.451222887330665401e-02
7.567293420570253559e-02
4.988776729430183243e-02
8.565778014351627112e-02
7.366879406252913043e-02
3.629802426225908762e-02
5.143524683532829656e-02
5.319927302805564640e-02
3.725503353770143189e-02
8.211850235551704236e-02
3.220860002591613425e-02
8.376555145103908862e-02
4.291675103931136270e-02
7.368753548855999647e-02
4.654997616366091107e-02
4.566627948166637752e-02
3.887348995335693225e-02
5.925384745476069970e-02
4.474292508604427177e-02
4.076216289650286262e-02
8.534434171262572644e-02
6.489023575568919622e-02
6.433597010143810024e-02
1.091079782345499294e-01
3.555217406324173712e-02
3.928183650032868179e-02
5.232762986106476166e-02
4.342536002751817836e-02
5.191412496667924259e-02
3.982534262806181058e-02
4.606138115429547764e-02
5.450296667281706586e-02
5.183888700597660826e-02
5.384638036566502528e-02
2.860679916383002119e-02
5.353775816276640231e-02
6.905521096941724668e-02
5.702902373580159834e-02
5.352601649473132106e-02
4.643345447215385668e-02
4.128111726377120538e-02
3.040183684036434908e-02
5.877600570268939895e-02
4.272599697105916583e-02
2.471217109698993497e-02
4.341657859474769288e-02
5.218380264190913831e-02
3.196117356080835359e-02
5.590316732112432518e-02
3.658082384306815538e-02
3.745203029431376507e-02
4.408489036322149612e-02
4.278655618995719223e-02
5.683784044322109930e-02
3.273559542152487678e-02
8.408696731074649655e-02
3.627639455616094022e-02
5.432929097022487497e-02
4.371329180567855299e-02
3.768759733575911819e-02
5.255825865544316855e-02
5.928651746961915991e-02
8.373675230777044565e-02
3.973763343726748054e-02
3.621743448621750350e-02
5.398019054401814731e-02
4.298046792432885788e-02
4.041825835310835363e-02
4.518202793788778093e-02
5.473704291772285568e-02
4.159213977513076532e-02
5.004163235768055440e-02
5.640577993535783596e-02
6.323106572077136223e-02
3.798835444049375454e-02
3.933437591229105301e-02
4.506945762167691161e-02
4.962880638302191727e-02
3.384503516972448001e-02
1.021470308247187653e-01
3.615116923088360079e-02
5.312069239353067740e-02
6.165007441624728579e-02
5.103023215055524364e-02
2.710552551342315653e-02
4.119687919608885918e-02
4.498209700122296484e-02
5.008091980692891410e-02
6.048098612286589848e-02
9.810349059187717380e-02
3.625606596734326503e-02
5.023350084595179510e-02
4.648759155376580576e-02
6.433542779041323545e-02
3.640268294665338633e-02
5.593764558972286194e-02
3.825710943261662056e-02
6.738009152446367001e-02
6.484501609307191661e-02
4.682826851856436434e-02
7.887092048175148307e-02
5.862684495953468522e-02
3.582230105739225845e-02
6.013490226523315885e-02
3.156638286610807809e-02
4.506062425414897321e-02
6.558865283544246250e-02
5.294688564277727494e-02
3.078333212611628067e-02
5.662891193293162484e-02
4.447269691551974935e-02
5.797899970225797728e-02
8.438756119246304532e-02
1.076703011576893854e-01
4.997921710907593518e-02
3.958566304814858938e-02
3.998824568107850475e-02
3.033349075294089481e-02
7.676065407337273605e-02
9.600280831127980252e-02
4.745542183984730045e-02
3.363351332217229261e-02
6.020840518868142421e-02
3.204929103325593331e-02
4.347017888178589251e-02
2.669839032112691912e-02
4.796347548021828722e-02
3.307908903482775775e-02
6.478776896487048464e-02
3.065702516860241422e-02
2.730879293016780229e-02
4.046549681991462588e-02
4.856297114304930496e-02
4.846088804535886307e-02
4.719912865313957706e-02
5.754339703314548249e-02
3.607518930308128979e-02
3.032800937989619389e-02
3.197790028804714524e-02
2.445266772403964506e-02
4.062705347636186293e-02
4.599060410258137832e-02
4.319954074921483755e-02
7.605919033072960911e-02
4.585864024347385826e-02
3.605211001919322172e-02
3.893346543000286708e-02
6.147965753697726132e-02
4.172798066871880041e-02
4.708934067871417550e-02
5.357506069116280134e-02
4.271738669914870723e-02
6.582646888426357812e-02
5.133265707456391436e-02
4.810272773311186079e-02
4.762990543493972329e-02
3.083154167067703177e-02
5.946327742610768574e-02
3.797455508576091932e-02
4.553823592292960409e-02
2.959384843263634934e-02
5.456889223438254888e-02
3.646499690605620181e-02
4.491284564228203990e-02
4.320327799664686053e-02
6.446960456626549263e-02
4.074570777403641042e-02
3.768013712443685215e-02
7.278669913269053549e-02
4.524986473745840065e-02
4.293650576974705757e-02
6.744940509510932714e-02
4.127939562096129278e-02
6.401728863431915828e-02
3.901814806437542416e-02
5.467535296690240187e-02
3.500113378123470564e-02
9.009810893716280189e-02
5.130390584044153268e-02
4.636703956307419716e-02
5.062416492863364148e-02
4.854111006710126741e-02
3.950659590800043031e-02
4.603211682702978980e-02
4.858210427674602983e-02
6.022583156089023060e-02
5.904969146903171762e-02
7.985814144822050986e-02
5.049718577979200873e-02
5.529461332756591130e-02
4.871503256982601116e-02
6.977381823039019437e-02
4.865574483241835724e-02
3.694115268383105222e-02
4.897241022549592149e-02
3.357102111946491663e-02
4.346785679060233276e-02
2.949606824179033804e-02
7.618808775356800123e-02
5.328843848608427747e-02
4.379892457597733824e-02
7.645629796133757150e-02
7.648014458292246021e-02
2.992828067454930685e-02
5.565474396813274716e-02
4.686607098304429453e-02
3.541919492651648960e-02
5.943486733413216871e-02
3.689554343392431601e-02
1.135088918645606459e-01
6.331071983406932890e-02
3.250792313033123992e-02
4.381647662702033152e-02
3.593955278716598478e-02
6.429679640318730627e-02
4.620058524842096670e-02
6.481078039096854759e-02
6.054750252182394821e-02
3.820190649721677545e-02
6.774082859726729411e-02
5.501710636948448085e-02
4.964176406656894969e-02
7.589742807292892968e-02
4.090590716448117004e-02
5.415301808266476113e-02
2.661834120139183746e-02
4.440176945094975736e-02
7.160455195672993378e-02
2.856320290125868855e-02
3.353156225378617350e-02
9.748544863896974055e-02
6.970711587114253316e-02
3.823850527220440387e-02
5.140014817362770216e-02
5.440484404960160836e-02
4.641903857095183716e-02
3.402162230742156179e-02
4.195218214562673742e-02
7.186822429328565409e-02
4.754631757242547274e-02
3.430662226070407828e-02
4.372706721620461812e-02
4.208568417157321218e-02
6.392549246130257989e-02
6.421247582870515114e-02
3.405425818234841806e-02
3.440916093049059543e-02
3.164649739235858572e-02
3.730837087118266115e-02
5.684750447423925213e-02
8.761489478679163057e-02
5.191718633987602027e-02
2.706865376052472461e-02
5.200252094401938696e-02
8.945409696223705076e-02
4.733866740526027073e-02
4.504666243016164362e-02
3.797801814059331704e-02
5.909949177810741583e-02
4.144866916070888418e-02
3.098230532231560641e-02
3.957656469597625737e-02
6.127762152675536589e-02
6.299544095712472647e-02
4.585550350068326453e-02
3.839066285833370173e-02
5.396981290362190542e-02
2.476705588038219386e-02
1.270662413323399020e-01
3.019496093716106389e-02
6.688527566853741391e-02
9.029808311211806604e-02
6.502033447162358648e-02
4.727410689294439528e-02
3.392418994186618963e-02
3.469436407870896133e-02
3.588625113622581631e-02
7.001463806729724126e-02
4.283086428712123972e-02
5.430754379754554328e-02
3.666663012519849607e-02
2.706692156196499610e-02
6.145710772933765664e-02
8.000025705098262607e-02
6.963446063132294750e-02
3.350704996882147846e-02
6.160989192742681586e-02
5.730147773745108974e-02
3.750475346375709007e-02
5.155522865777067976e-02
5.419336101407834505e-02
3.405740274350976815e-02
4.434747841920194666e-02
6.105412139510879577e-02
8.623236547245738404e-02
6.576587392907018437e-02
3.381063543087547973e-02
8.902855958402022818e-02
3.600348923445029214e-02
5.988491615661384326e-02
6.523216414632621030e-02
3.985225479299175921e-02
3.813624044772162547e-02
4.375912993209030155e-02
4.015176423970057140e-02
2.601434974839444969e-02
8.272999534485392381e-02
1.141898378428450322e-01
4.766070705679925634e-02
4.120113917191980946e-02
5.126901795212218671e-02
4.197851483597569988e-02
4.780301357342287005e-02
4.753586976628448868e-02
2.964767005484658657e-02
3.692620861786877207e-02
4.769115211173730051e-02
3.287370845738452063e-02
5.982667042873124341e-02
5.220809063834275232e-02
2.991711281620679230e-02
4.228127358899158583e-02
4.223000038358282193e-02
7.646670964632412693e-02
5.178292076342566608e-02
4.299550642354957319e-02
4.820215536200195272e-02
6.371812767445472758e-02
2.528040286436165907e-02
3.609628906581341390e-02
8.226199832703429138e-02
5.022478291152021601e-02
7.015815340069897488e-02
5.288202223781701683e-02
6.272337588719445467e-02
3.332078409264638275e-02
2.696080519164903433e-02
6.824462634782274550e-02
4.334366571860104322e-02
2.924024103674099928e-02
3.211314555037653173e-02
3.408468747078485794e-02
5.835058631572875854e-02
7.490681910909502417e-02
4.691218204191383023e-02
3.515023518442850214e-02
7.166300795015584368e-02
3.695096467718350652e-02
3.886720654022657317e-02
5.189321921856368536e-02
4.741459049736196363e-02
5.772089562580628996e-02
8.882353209459104004e-02
6.086775654756904075e-02
4.705510800363615909e-02
4.117079965985193102e-02
4.635402512124758845e-02
6.899550137765142477e-02
6.967204596090148527e-02
8.905694145442055731e-02
3.553498858654899339e-02
4.817540973806855309e-02
3.522340878381580165e-02
4.997942824456480526e-02
3.009124346092117985e-02
6.290692680178833207e-02
6.275275650074507716e-02
4.274175567018223543e-02
3.937626694487184054e-02
6.785640158485439777e-02
6.927312778069044663e-02
4.244470040075143391e-02
3.875311755622312671e-02
6.920997192834660305e-02
3.747280114475903812e-02
8.873132305125552843e-02
6.450121052984136849e-02
4.764382996285598804e-02
4.464920389320348182e-02
4.147996098306849788e-02
4.467643493158068857e-02
4.517259924748395772e-02
4.339376042017645263e-02
6.900164880461662209e-02
5.395995003030340520e-02
4.650149105367795688e-02
8.544418605034997949e-02
4.218427586956996489e-02
4.109797441597784484e-02
4.324800179801902011e-02
3.520069204152248554e-02
3.229112780665976956e-02
4.730262301517612622e-02
3.505174840888514165e-02
6.249075197877212995e-02
6.927791463546473238e-02
5.558519768591030363e-02
4.098593768431679774e-02
3.995689500614285627e-02
2.621300980621010801e-02
4.102116458311211300e-02
4.821660659374105151e-02
6.766875040065178926e-02
4.721709347577895954e-02
6.409986136556773684e-02
3.624046367927324930e-02
3.857433598502724159e-02
6.227183435729999328e-02
4.520618515773877633e-02
4.208857856886494275e-02
5.079629615132166820e-02
3.222292976774496220e-02
3.521249970043227595e-02
4.325705279838942818e-02
3.259782944291367279e-02
6.689927887754187896e-02
4.577406905527792169e-02
2.400911957215834391e-02
7.343501771458305072e-02
3.824760903481017049e-02
5.961441411124435152e-02
6.131441597948072975e-02
4.245658185155898323e-02
5.453379727979656977e-02
4.802418028462729360e-02
6.067487528974702116e-02
5.283953313744427227e-02
6.330606634933955146e-02
7.460183999202651961e-02
3.722709427210590949e-02
3.108736801740163980e-02
5.133344052905208788e-02
3.395071480933109509e-02
4.029705101552050195e-02
7.090073161295495918e-02
3.862108940124220346e-02
9.311213766978160278e-02
6.765484651912190284e-02
8.492698019801975251e-02
6.552401057670048656e-02
4.596024075765670069e-02
6.458012282489000722e-02
5.293925725923809278e-02
5.243313616423939116e-02
4.349946752920319515e-02
4.577243254635521286e-02
6.811694835111242741e-02
4.770796053998704878e-02
4.761307499746775251e-02
7.372377207515790065e-02
3.896014255642166191e-02
4.578103451766879495e-02
5.416532613849481259e-02
5.738900031799570867e-02
5.717181467420739960e-02
3.783291982861958225e-02
5.998813806747349542e-02
5.206058733988860876e-02
7.898692514495853079e-02
5.641156475645137114e-02
6.985249454112352208e-02
5.481410345137094353e-02
4.455992888912344019e-02
3.597128637535196294e-02
3.890113760107505314e-02
6.883263207725176525e-02
5.258405137255484085e-02
4.164477189206206020e-02
4.688771849400663605e-02
4.968128231610191570e-02
3.625239309089606232e-02
6.987232086365074979e-02
4.829522086469664743e-02
4.026231515123943061e-02
5.110846881844821610e-02
3.644913879362299269e-02
4.486378995675344150e-02
5.032452603188874996e-02
7.753090847811661135e-02
4.957793660206200048e-02
4.797394352362144287e-02
8.780864435632340648e-02
3.492787731120067241e-02
5.803246342511048095e-02
4.675939567491216309e-02
5.696303682127434875e-02
6.510959347877876002e-02
5.574052522097661111e-02
5.918329836963709401e-02
3.428830548413941415e-02
3.896281020414238405e-02
7.915619504370074999e-02
5.287455428081988540e-02
3.992731475037575306e-02
4.600570677449627999e-02
5.260585682152496556e-02
4.405525671661003617e-02
5.073935220915029576e-02
3.587834637897691081e-02
6.743592833328226899e-02
5.862091694378501749e-02
5.034472749468604791e-02
3.491020662132297836e-02
3.995067009604780228e-02
4.061674484404831365e-02
4.183322408701439787e-02
5.361542826044163323e-02
5.551396128910590644e-02
4.762618109123234467e-02
3.800203835819515596e-02
4.171798014139538324e-02
4.877738472169224071e-02
3.796711054485979453e-02
6.351995302938219512e-02
5.758784308104447636e-02
4.273343576976279534e-02
2.434718092085741414e-02
3.850914222507878515e-02
5.140451626064013180e-02
6.214802155865575828e-02
4.660881690752194384e-02
5.977323008849555475e-02
3.880735596558454459e-02
5.218988479423736226e-02
7.132003139124099000e-02
7.585676538216434839e-02
4.050222793352853401e-02
3.018534853145798946e-02
3.864885780812629679e-02
2.841119082692536435e-02
2.347645631748468409e-02
3.410185077479382931e-02
5.355354676990486951e-02
4.617045226097118982e-02
3.941841281685454224e-02
4.015156610313630470e-02
4.239272263918714145e-02
5.278586279445451890e-02
5.230357145800057506e-02
3.529564129891660240e-02
2.692387202056023554e-02
2.745642362520062107e-02
4.780709239787345188e-02
8.531632408881995033e-02
8.634371722226877321e-02
6.894908959152329375e-02
4.974353859136204647e-02
3.046196764991060402e-02
4.599551224208420219e-02
3.629966423072605863e-02
3.859881606685200417e-02
5.064051364099153574e-02
6.652246471966888341e-02
3.669843578403730877e-02
2.313735052182896990e-02
5.869492377421370310e-02
4.368461645980209473e-02
3.688132491951756631e-02
3.616756601705050506e-02
3.877896226438426464e-02
3.627519854222183149e-02
2.580824099537259997e-02
4.739613373375839434e-02
5.556653096684271986e-02
