6.325500100812956994e+00
4.094004276175112089e+00
5.467995390967955061e+00
1.793718705790910661e+01
3.590351531159340137e+00
2.353157321178450445e+00
4.129360350932351764e+00
3.944746863861927189e+00
4.024528740991295983e+00
5.010824709645682162e+00
2.256448176334580946e+00
2.262670278403563273e+00
1.568317080485370951e+01
4.813360684693503977e+00
2.792758719385943778e+00
5.612180271446552737e+00
2.668835693696391953e+00
5.440404717548002367e+00
3.347156019560734830e+00
4.078978147804058985e+00
5.571769434614052052e+00
6.826925876898908285e+00
3.681396054936495688e+00
4.527614915172659238e+00
3.395378338711816824e+00
8.026165041483981355e+00
4.767102368915817401e+00
4.500881549704019768e+00
4.412411320271206527e+00
4.397638932406873202e+00
6.376399477343259292e+00
4.558800533762231488e+00
7.767127898102308414e+00
2.775553893171183173e+00
5.416338750905701716e+00
6.866089878830471172e+00
5.391392201604346290e+00
4.452241483590144711e+00
2.260703665662545436e+00
2.707997902265310231e+00
4.061543305737506770e+00
2.771272500906992509e+00
3.374601690624350780e+00
4.081477242988324150e+00
3.701391177322803649e+00
5.831329857938427175e+00
3.411652334701379630e+00
3.264364924542652702e+00
3.895149089962415268e+00
7.789168852856549918e+00
3.669104421742571009e+00
2.246882263554367487e+00
2.277477658620221668e+00
3.776189074382178212e+00
4.844582754211436360e+00
6.866089878830471172e+00
4.652391511918014366e+00
3.322254073521337503e+00
2.248944069218568487e+00
5.545494188887212239e+00
5.727658917724922638e+00
3.397697060841065486e+00
3.812965687914244839e+00
8.182782315111719385e+00
4.937409393394834645e+00
2.668835693696391953e+00
7.658817908258103380e+00
4.884043364825825684e+00
3.743846560534869194e+00
4.424293511536657064e+00
3.987983883444705224e+00
5.493607861391649472e+00
2.315701351583513645e+00
2.261685159900201469e+00
4.091494659709010051e+00
3.331280993024164250e+00
3.978317626830264242e+00
2.836327663819524059e+00
2.788445612334828461e+00
2.272532017019179840e+00
9.003634003836802790e+00
7.620098451529458750e+00
8.857374158513835027e+00
3.615985380434179497e+00
2.388362938366589194e+00
4.545242017560291892e+00
1.586619459829597467e+01
3.695660685300161674e+00
4.785009942603529964e+00
4.014737612191115801e+00
2.689359693987320110e+00
5.490254629924649521e+00
3.684241948135282385e+00
6.409650918706277345e+00
8.850664311039093235e+00
5.713878868257987520e+00
6.341244778676115246e+00
2.737305754684674408e+00
2.312115988524335197e+00
9.079395035245184431e+00
2.733095370167765381e+00
1.022975009943395897e+01
8.970383011481347424e+00
4.544201891752735811e+00
2.393340161257847321e+00
7.589175771630567446e+00
5.546631977566972793e+00
5.520568729142145692e+00
2.691422800350252498e+00
4.551491280194667866e+00
5.055077888510102646e+00
6.829925028576312229e+00
3.365420607892194216e+00
5.929251637276664155e+00
3.290914102650378759e+00
4.424293511536657064e+00
5.805836334671717225e+00
5.378462941918175311e+00
2.337341856142462593e+00
3.579457789930263534e+00
6.020770513609127406e+00
2.326615010932357119e+00
1.018848154768682868e+01
3.437428589384706523e+00
4.857682741950140048e+00
3.295367073489484433e+00
4.424293511536657064e+00
2.298396793362983637e+00
7.602748515310082666e+00
4.461291193046236003e+00
8.759198249633117328e+00
3.402340636578741861e+00
7.780077811685905509e+00
4.523484340842963469e+00
4.907951492923090520e+00
9.481824273850040896e+00
6.336737954631212588e+00
4.828933308255599854e+00
3.719630830770030983e+00
4.437230502893287465e+00
5.425066893037842064e+00
5.357045379404710594e+00
2.829741449230804839e+00
8.035596233474116445e+00
6.446753080419454385e+00
5.531873385796555631e+00
2.248944069218568487e+00
6.539006795174032938e+00
3.666277243522821472e+00
6.565495667702459848e+00
4.969843340120114306e+00
3.765360352907604735e+00
4.651310171264779747e+00
8.264813335961749274e+00
6.945559081233924736e+00
3.928113392712643481e+00
3.577647531078147480e+00
7.742643753813966079e+00
6.431628220824800124e+00
3.682344295590705752e+00
6.875181646479991748e+00
5.774919138788917827e+00
9.020356416775092256e+00
7.603984989479942058e+00
2.272532017019179840e+00
4.086481742945777818e+00
4.953587427185008885e+00
6.823928966375408578e+00
4.503952265570601021e+00
4.878754082695826000e+00
4.099029828007500598e+00
3.347156019560734830e+00
3.406992392663828362e+00
3.349431987085872198e+00
8.111784671990967865e+00
3.711933713273613211e+00
6.457265981689173096e+00
4.958997405050872942e+00
4.449232105155954464e+00
3.687091355986498176e+00
3.975906251446380768e+00
2.308431307727553783e+00
8.953854271483054461e+00
6.563079033147388053e+00
2.766999022414442067e+00
7.553642880930595993e+00
2.714245814689680181e+00
4.507026604639396972e+00
5.772121635414698027e+00
4.994373521805517413e+00
3.115001346954180850e+00
2.856194420953616309e+00
2.747866141289517561e+00
4.039278075503425214e+00
4.790145490232150749e+00
1.038088687905648300e+01
1.022118057173058858e+01
4.836748419993304182e+00
4.124284140993981218e+00
2.752104082009228403e+00
7.565854736898999455e+00
4.004979841987436728e+00
4.439226782584016817e+00
2.266609236393428706e+00
6.548615169792815216e+00
4.897304156990319512e+00
5.513805987868609648e+00
5.364522893344725318e+00
4.086481742945777818e+00
4.376133834986435822e+00
3.612304924222732971e+00
8.711015526884571258e+00
2.256776169212515004e+00
4.967128607272156771e+00
5.777718831754123485e+00
1.396395518003477854e+01
3.983146602874120923e+00
5.482444985482604949e+00
3.406992392663828362e+00
3.264364924542652702e+00
1.017010517376878198e+01
4.556710147273511424e+00
2.786292035662538691e+00
1.091598883156839506e+01
5.535272936244965081e+00
5.434917626937668444e+00
7.662587057510686250e+00
5.946797855052213144e+00
2.284429294337462224e+00
1.599066456781215351e+01
6.841944060651389492e+00
3.796000685694122634e+00
6.418885974975457209e+00
3.456331125124300296e+00
2.730993125507952257e+00
4.620129863158674688e+00
6.519872003645601488e+00
2.248618133042922018e+00
2.264308743741384689e+00
3.634480307818177103e+00
5.518312811913511418e+00
3.737041342679845002e+00
5.389233218914006862e+00
6.970318418210776024e+00
2.256448176334580946e+00
4.607328446495076335e+00
9.044157304927225027e+00
3.968684566581002215e+00
2.334746952892375660e+00
3.388434427947550454e+00
3.423338039910703401e+00
8.920989899390125544e+00
3.322254073521337503e+00
4.382955622649900462e+00
3.453961101764208674e+00
4.929349539565802019e+00
2.403591108846770297e+00
7.773597373843653457e+00
3.687091355986498176e+00
4.049152788474818188e+00
4.881397650336818828e+00
6.363879189758989696e+00
3.381508884746888821e+00
2.714245814689680181e+00
8.114987757842246907e+00
3.322254073521337503e+00
2.829741449230804839e+00
4.876112660732612625e+00
2.777697558704537606e+00
3.264364924542652702e+00
4.448229777578317723e+00
4.443224125123051316e+00
3.322254073521337503e+00
1.202994354837374225e+01
4.091494659709010051e+00
3.671935105227349894e+00
5.831329857938427175e+00
4.136990532205713222e+00
3.420996799013980461e+00
2.308536724583558186e+00
4.591409408438360984e+00
8.111784671990967865e+00
5.629657384311075319e+00
3.764378300762456053e+00
3.653130038638764621e+00
5.777718831754123485e+00
6.545008824999464458e+00
2.280455866259986308e+00
3.349431987085872198e+00
4.643752293096595984e+00
7.802193380761848651e+00
3.302061618521118458e+00
1.024406887399371868e+01
5.329447044373112341e+00
2.735199579467952447e+00
6.691024530169467965e+00
3.295367073489484433e+00
4.493730627020234181e+00
1.196159151687713518e+01
3.649387682681531686e+00
4.329875420332727209e+00
3.726386436646161204e+00
4.548364825344050288e+00
5.897291165244703315e+00
7.700493643914245290e+00
4.530717087785272490e+00
3.376902050994601279e+00
7.017133424769608219e+00
4.897304156990319512e+00
8.903295685255704583e+00
6.463121293372568132e+00
5.461350009291336960e+00
4.899962764064577314e+00
5.570622414973720460e+00
4.913288075287661982e+00
3.353990009604064237e+00
7.655052664173827459e+00
3.428026676805784767e+00
5.952664385152548476e+00
4.815950793035779220e+00
4.536932347388414222e+00
5.501446641830419537e+00
2.263433838446951452e+00
2.726794528118408056e+00
2.285419871519583257e+00
8.156836441683067207e+00
4.427273001636971905e+00
8.108583875325861001e+00
2.312115988524335197e+00
3.585805762837971589e+00
6.737991068987033927e+00
2.834130259197709112e+00
1.809750293648451702e+01
5.885735663309059618e+00
3.710013359364390695e+00
3.726386436646161204e+00
4.422309173041368169e+00
2.296946185741862489e+00
2.281003742932204759e+00
2.779843205185221766e+00
5.903082203478871470e+00
2.342909916694081218e+00
2.309430969016540214e+00
2.284429294337462224e+00
2.252964391706650638e+00
2.277477658620221668e+00
8.864095101645050434e+00
2.668835693696391953e+00
5.465778604406814623e+00
6.390115843674913698e+00
5.490254629924649521e+00
4.983449520506186836e+00
8.212147430303309292e+00
3.381508884746888821e+00
2.726794528118408056e+00
2.812266088444307588e+00
3.681396054936495688e+00
6.576391724792967075e+00
1.581605006143424141e+01
6.328867078200401508e+00
2.290403833627229435e+00
7.778780846920078318e+00
2.333719806625218052e+00
6.857018348198761437e+00
3.340340282276433204e+00
2.794918251250834373e+00
2.724698173872265539e+00
4.913288075287661982e+00
4.114157084110468432e+00
7.812644650164822124e+00
6.388970504420338870e+00
1.583675071893882169e+01
3.954297124063478996e+00
1.395067236397773058e+01
4.149749855282176547e+00
1.046581698122461823e+01
1.018564944938284356e+01
3.402340636578741861e+00
4.064027699492676504e+00
2.246990809057566540e+00
2.803576253033591037e+00
4.104063809781664851e+00
2.814443526980474175e+00
4.855058464975441801e+00
5.791750165849317789e+00
4.855058464975441801e+00
2.250899234713417574e+00
1.391430068506705631e+01
6.408498431608157020e+00
1.197859527347902286e+01
5.421790746008893436e+00
4.024528740991295983e+00
5.415249588847794726e+00
4.815950793035779220e+00
2.361390264900926184e+00
9.021752871449800537e+00
4.777322542507707048e+00
3.620594628674639104e+00
2.298725161551684604e+00
6.489010542822848393e+00
2.314475155344925650e+00
2.743636081315041331e+00
2.256448176334580946e+00
2.365518427028478143e+00
3.259968114919368887e+00
5.469104406684857089e+00
8.858717459294807028e+00
5.002589331613190637e+00
6.939391883744431944e+00
5.738722188444632444e+00
4.014737612191115801e+00
3.710973340139616994e+00
2.891914882353993743e+00
6.869118218861254732e+00
1.590450397270638838e+01
8.777586573510593126e+00
4.988907178663995801e+00
2.372978733961829789e+00
4.515242568413251334e+00
1.084208840610977731e+01
4.857682741950140048e+00
4.907951492923090520e+00
7.803498250331610819e+00
6.489010542822848393e+00
3.638197852631072315e+00
3.397697060841065486e+00
3.435075029791413659e+00
5.405465671521629822e+00
6.396996701461282520e+00
4.389796762360262505e+00
4.489653229865575135e+00
4.566129673115407961e+00
4.026981740370992213e+00
4.424293511536657064e+00
5.327335516594469134e+00
2.693487856114872070e+00
4.409449706026595805e+00
8.906012969475302299e+00
3.581269580595392465e+00
3.944746863861927189e+00
3.379204448982104925e+00
3.761434519568293666e+00
7.603984989479942058e+00
2.668835693696391953e+00
4.937409393394834645e+00
3.622441029528141065e+00
2.710078582858154839e+00
2.644463061288003569e+00
8.067181618533512122e+00
3.570421803628414992e+00
3.764378300762456053e+00
4.183172394183641174e+00
2.790601173152075898e+00
4.071493472410631753e+00
6.417730118617924084e+00
6.518679703711553586e+00
4.413399318556613160e+00
3.264364924542652702e+00
8.083059858455014179e+00
3.788056968496191779e+00
4.536932347388414222e+00
4.428266960548107534e+00
6.866089878830471172e+00
2.259937990425186616e+00
8.076701711884751944e+00
2.838527068820992927e+00
3.669104421742571009e+00
2.278472029392033082e+00
1.424622228234161980e+01
3.723488817897180780e+00
2.728892845250322718e+00
2.771272500906992509e+00
2.252856305851115515e+00
5.005332282452475745e+00
6.399293682870532685e+00
2.716332367452983565e+00
5.413072501259617475e+00
2.697623819940039525e+00
7.764543175684120335e+00
3.586714149344723435e+00
7.647533886261456360e+00
4.493730627020234181e+00
3.987983883444705224e+00
4.722455018237501356e+00
3.344882079878578995e+00
5.859865166704071981e+00
6.896474552032717753e+00
2.283652283181633713e+00
3.667219246863882898e+00
7.827061128159550130e+00
2.324691471550355271e+00
4.602011895087685822e+00
2.733095370167765381e+00
2.264308743741384689e+00
4.578740237540451119e+00
5.466886790306102917e+00
4.876112660732612625e+00
4.553577610371843498e+00
3.742873203342018229e+00
2.737305754684674408e+00
5.616831538914057731e+00
8.797384250403659678e+00
3.342610167869639604e+00
2.747866141289517561e+00
2.681126750264844372e+00
1.381140853782474842e+01
2.299615219568265978e+00
5.797378049101427955e+00
4.592467821423522167e+00
3.347156019560734830e+00
8.966244784915359034e+00
3.614144381203985290e+00
6.584890439448382260e+00
3.575838803591564030e+00
3.349431987085872198e+00
7.058120381349467287e+00
3.687091355986498176e+00
3.297596576046766703e+00
3.654066598362549545e+00
6.820934296917729789e+00
8.835941673589168488e+00
9.627207923897467268e+00
3.603130752447984086e+00
3.635409113340787091e+00
3.697569283385136352e+00
4.821137402399921612e+00
7.696685365955550751e+00
2.286418887122998900e+00
4.555665562674435343e+00
4.855058464975441801e+00
3.293139582778546792e+00
4.826332539953039458e+00
2.364702910002204561e+00
7.836262998918886780e+00
5.548908811981631217e+00
4.430256072153209601e+00
5.519440561706880466e+00
3.680448204604640505e+00
4.445225189148097833e+00
5.465778604406814623e+00
3.286469172315999998e+00
3.655940883003078401e+00
3.416320468288433165e+00
4.587179833269172669e+00
9.310819645873429806e+00
2.660680490001102516e+00
4.972560239684025163e+00
3.356272066021738887e+00
4.494750980965049436e+00
1.201121290519570195e+01
3.504165335881829435e+00
4.458271025850626401e+00
3.626138465507028563e+00
2.885178018521588061e+00
5.395715098087327632e+00
4.862937719020090199e+00
2.638413422974160927e+00
2.321090841568362872e+00
8.241699259982006254e+00
6.424671579250649245e+00
5.800195282173734590e+00
3.326763489922105244e+00
2.258738963026626134e+00
1.378557453246008713e+01
4.054102707953668450e+00
3.259968114919368887e+00
3.446863390714998143e+00
4.019629004078601575e+00
2.313011757323846229e+00
6.881254074783727859e+00
4.478473516949573963e+00
6.624009705918925128e+00
2.324691471550355271e+00
1.385364541135974292e+01
8.841289153786940247e+00
3.367712825960411216e+00
5.063437577930989697e+00
8.819941753865570888e+00
7.672657225138970638e+00
3.363130423355770837e+00
7.746499167771221828e+00
2.286418887122998900e+00
7.001471640100791483e+00
3.582176050564590764e+00
4.403537186140162873e+00
6.583675050658767347e+00
7.643780349536536178e+00
5.822812223253539976e+00
6.875181646479991748e+00
2.728892845250322718e+00
3.432723524776795543e+00
3.435075029791413659e+00
2.363453371263858127e+00
2.812266088444307588e+00
3.691848184354763251e+00
4.188346220831888012e+00
7.731101119565065183e+00
3.358556153130826782e+00
4.986177264398938824e+00
1.812856150031769431e+01
3.997683379860193842e+00
4.918633273877375700e+00
4.503952265570601021e+00
2.284429294337462224e+00
4.945488683548686204e+00
3.650322689343186155e+00
3.409321339951396634e+00
2.273957630450206491e+00
3.576742975948981051e+00
6.652399019755778298e+00
4.482533248369063195e+00
2.296395668000918544e+00
7.696685365955550751e+00
3.295367073489484433e+00
2.777697558704537606e+00
2.303179254944248022e+00
1.123703628710437030e+01
4.857682741950140048e+00
6.468987193059945184e+00
3.286469172315999998e+00
6.564287136356479202e+00
2.797079770018017442e+00
2.820987804785909603e+00
2.858411864935109570e+00
2.312458609333036819e+00
5.071816954364111396e+00
4.094004276175112089e+00
2.302404819149784565e+00
1.103784614703997491e+01
3.435075029791413659e+00
4.424293511536657064e+00
3.390747022968280788e+00
3.584897759774428039e+00
4.430256072153209601e+00
4.394695151212711259e+00
4.894647700512000377e+00
3.769292521795493123e+00
5.845569955552735841e+00
2.705919177194195946e+00
2.326494079175485119e+00
1.199565516143619526e+01
2.309430969016540214e+00
2.255576665117906998e+00
6.735061141014016428e+00
4.980723946910164734e+00
5.375239859755392757e+00
3.386123873524371497e+00
4.884043364825825684e+00
1.081073442435895338e+01
1.573563465867188960e+01
7.743928454537972961e+00
3.574031606873821154e+00
2.799243275900245909e+00
7.578109592778000447e+00
7.020272603917304011e+00
4.056580810631397860e+00
3.400017826380111519e+00
3.707135770455669554e+00
2.261685159900201469e+00
2.298396793362983637e+00
4.667573475694329233e+00
4.017182265204064073e+00
4.726560228547605824e+00
4.558800533762231488e+00
3.506578786315519558e+00
4.024528740991295983e+00
2.312458609333036819e+00
2.259064971462375393e+00
6.863063787559248397e+00
4.808186858045258028e+00
4.119216387123220358e+00
3.615985380434179497e+00
4.918633273877375700e+00
3.710013359364390695e+00
6.755617372699645351e+00
6.461949384215998293e+00
6.571544748443606920e+00
5.498084665358442535e+00
2.344955510483690109e+00
5.377388171047022603e+00
5.372020467611193340e+00
6.773323884279152551e+00
4.744230850984837211e+00
6.967215572720478534e+00
7.589175771630567446e+00
9.062445763128877729e+00
8.768381617663912664e+00
2.297835483562156167e+00
3.545476713130166324e+00
5.822812223253539976e+00
3.743846560534869194e+00
3.600386006193724509e+00
5.445902146465742888e+00
5.324171279464647633e+00
2.296057267949789260e+00
7.684019402857518166e+00
3.802972329150045905e+00
2.668835693696391953e+00
4.402553153439910716e+00
2.779843205185221766e+00
3.416320468288433165e+00
4.477459586813791859e+00
5.542083336258196269e+00
2.285419871519583257e+00
2.260703665662545436e+00
5.958539818218116402e+00
4.602011895087685822e+00
4.490671976386897413e+00
3.308774287024256022e+00
4.448229777578317723e+00
1.022546329860529823e+01
1.373745942297354183e+01
4.051626700605224229e+00
1.203463667424088257e+01
8.405883852126457612e+00
2.670879345780475589e+00
3.899833623407451544e+00
5.755382569560689276e+00
3.340340282276433204e+00
4.073986263175208400e+00
3.805966150939599224e+00
4.857682741950140048e+00
2.858411864935109570e+00
2.294396466946644342e+00
5.475767219011764553e+00
4.165131026370533895e+00
5.005332282452475745e+00
2.310325594438556340e+00
5.395715098087327632e+00
9.616686065097065139e+00
4.542122855089153255e+00
7.825748337725690007e+00
1.113657088518150928e+01
2.758475782790513531e+00
2.304963555370680428e+00
3.602215452389221806e+00
2.262670278403563273e+00
5.322063823709764385e+00
4.873473384364290339e+00
7.723425689457231513e+00
3.600386006193724509e+00
8.163309120686939480e+00
1.011125562385909227e+01
4.836748419993304182e+00
2.687298536770077018e+00
4.826332539953039458e+00
3.581269580595392465e+00
2.327395956414614719e+00
5.423974431394879225e+00
2.262670278403563273e+00
4.891993393463671680e+00
9.414043489789648333e+00
3.973496949879678830e+00
4.408463294761973295e+00
3.646584990593785935e+00
2.298396793362983637e+00
6.559457291804340784e+00
4.051626700605224229e+00
3.614144381203985290e+00
7.004599450648812287e+00
4.889341235763877691e+00
2.701767591592614703e+00
7.810029193939736381e+00
6.476040258548392714e+00
6.595848252014183899e+00
3.297596576046766703e+00
1.021832768318448004e+01
2.807917188575959511e+00
3.987983883444705224e+00
4.432246775614843592e+00
5.570622414973720460e+00
4.041743614524576422e+00
3.406992392663828362e+00
5.851281422299461354e+00
8.064012818916145520e+00
2.300399843318592374e+00
3.623364809145953824e+00
4.622269160518588826e+00
7.630050734895056586e+00
5.561461379634239144e+00
3.655940883003078401e+00
4.580847693295333478e+00
3.595819118723853069e+00
4.800442083024959672e+00
3.317752738075653518e+00
1.105963498916228183e+01
3.404665491590281867e+00
4.076481154568570631e+00
3.978317626830264242e+00
5.430535393119895637e+00
5.344273396126731690e+00
3.959084659134133766e+00
3.612304924222732971e+00
5.322063823709764385e+00
2.662716381978769586e+00
2.666793983052698547e+00
5.348524186649940226e+00
4.516271377907957962e+00
2.266059686857828215e+00
4.017182265204064073e+00
8.866786587025059063e+00
8.029306496175253827e+00
2.792758719385943778e+00
1.176783802153103942e+01
8.202338330658657028e+00
4.897304156990319512e+00
2.654584440018751490e+00
3.365420607892194216e+00
5.531873385796555631e+00
3.637267885710777193e+00
5.370948156604006485e+00
4.482533248369063195e+00
2.683182065677426564e+00
3.570058955151921065e+00
2.272532017019179840e+00
3.418657608522604363e+00
5.340029137799393588e+00
2.829741449230804839e+00
2.324586866666046525e+00
5.408723270305291209e+00
8.114987757842246907e+00
4.455254456588695788e+00
1.384549823619134301e+01
1.102698380690089941e+01
4.546282548342183816e+00
4.561939157203026340e+00
4.490671976386897413e+00
4.800442083024959672e+00
3.909227320739848022e+00
2.747866141289517561e+00
2.749984126310093480e+00
2.302404819149784565e+00
6.421198952055137354e+00
4.447227848987039600e+00
5.380613713972833168e+00
3.602328863620136268e+00
2.347334111520670064e+00
5.727658917724922638e+00
2.335530065477333661e+00
5.817144800515390735e+00
2.792758719385943778e+00
1.269588110101338785e+01
5.384920182215632067e+00
2.277477658620221668e+00
6.735061141014016428e+00
3.365420607892194216e+00
2.724698173872265539e+00
3.593083596994075535e+00
2.318394379042178599e+00
2.666793983052698547e+00
3.558732163307984475e+00
8.205605726201474326e+00
4.475432929451440778e+00
7.758089036298410512e+00
3.397697060841065486e+00
2.273078569160300155e+00
5.938014742943467539e+00
3.968684566581002215e+00
5.480217400963555363e+00
5.822812223253539976e+00
3.725420170372644613e+00
4.420326424518565389e+00
4.475432929451440778e+00
2.801408770168401841e+00
6.491374295692772023e+00
2.278358611761789554e+00
7.611412900772905665e+00
2.851765554187323914e+00
2.277477658620221668e+00
5.619159706911384333e+00
8.202338330658657028e+00
4.942793426272021229e+00
5.385997825446581899e+00
5.474655712148142506e+00
4.533822897886178538e+00
8.264813335961749274e+00
8.873523074230647012e+00
3.737041342679845002e+00
3.606795800636972693e+00
2.247750010254782715e+00
1.022260769479804488e+01
1.018706527281358909e+01
2.254705530617231446e+00
4.410436513992165963e+00
2.710078582858154839e+00
4.514214162178971534e+00
4.612998347306322522e+00
2.769134772681933754e+00
1.012938617118496509e+01
3.612304924222732971e+00
6.782207255845803751e+00
2.272532017019179840e+00
2.359329107683683091e+00
4.448229777578317723e+00
4.540045437945934736e+00
3.527580007634563142e+00
5.463563477340319885e+00
5.749820372802051160e+00
2.279239943509925759e+00
6.803013305961046697e+00
3.655940883003078401e+00
4.899962764064577314e+00
5.741493460014444494e+00
3.329021230412181342e+00
3.615064687979651303e+00
3.340340282276433204e+00
3.425681332459016293e+00
6.428148001709148573e+00
5.428346754489915327e+00
3.607713025085296010e+00
2.365620904564126992e+00
2.292399188917964459e+00
5.522826317173239019e+00
8.858717459294807028e+00
7.800888950614405459e+00
3.708094574579149594e+00
2.781990832832617500e+00
3.939984127760822741e+00
8.948359005764421781e+00
2.658646536367319513e+00
7.891928457224078208e+00
1.013918023690950143e+01
6.517487829934761834e+00
5.828488445452007838e+00
1.175597854167262213e+01
1.024837334260222832e+01
4.929349539565802019e+00
5.363453449327987954e+00
3.697569283385136352e+00
2.296057267949789260e+00
2.847344710468126205e+00
3.400017826380111519e+00
2.693487856114872070e+00
8.278072256479951818e+00
2.743636081315041331e+00
2.636400736813948154e+00
6.939391883744431944e+00
4.578740237540451119e+00
3.435075029791413659e+00
4.111630599907639905e+00
7.666360113430442880e+00
4.126821188491477166e+00
4.876112660732612625e+00
8.746116567030242095e+00
4.428266960548107534e+00
2.334746952892375660e+00
3.737041342679845002e+00
8.933283894342213927e+00
5.451409920987223323e+00
8.830601282262788843e+00
6.905633881971219523e+00
2.298725161551684604e+00
1.580228786719355760e+01
5.055077888510102646e+00
3.709053770937009276e+00
8.328123362413739628e+00
3.647518833299700169e+00
3.678553674640569149e+00
6.517487829934761834e+00
5.911785382931078026e+00
7.750358518634188343e+00
3.640990077479996589e+00
5.476879141355587954e+00
4.004979841987436728e+00
2.752104082009228403e+00
2.255576665117906998e+00
2.858411864935109570e+00
6.998346101938831332e+00
4.918633273877375700e+00
6.588539180361935976e+00
5.819977412372508319e+00
2.812266088444307588e+00
2.777697558704537606e+00
5.403295997405201057e+00
3.939984127760822741e+00
4.147193752142764644e+00
6.510345531552629517e+00
5.580960724988290877e+00
4.426279440572269408e+00
6.817941867507158804e+00
6.878216735160847861e+00
2.679073380921999536e+00
2.760603629769021072e+00
3.501753960497945961e+00
5.425066893037842064e+00
3.402340636578741861e+00
3.590351531159340137e+00
4.073986263175208400e+00
5.851281422299461354e+00
4.839357727934323172e+00
3.736070745644156865e+00
3.987983883444705224e+00
4.994373521805517413e+00
8.900580182841702381e+00
6.732133437328902126e+00
1.423808007067520265e+01
9.606185381548311142e+00
4.445225189148097833e+00
4.081477242988324150e+00
3.911580880333141330e+00
