6.211097438299797435e-01
6.549433817700047733e-01
4.594861526635210525e-01
7.090853994432909646e-01
5.299128290640987560e-01
5.465111511573134129e-01
5.652137573280027194e-01
5.206196623778958088e-01
5.564537226610217768e-01
6.168536541051961031e-01
5.551722393018452273e-01
5.453797198306182814e-01
5.269544669287337113e-01
6.450117049746697528e-01
5.248877494742150152e-01
4.785294977348584222e-01
5.837815319036465667e-01
6.007572406095409434e-01
5.523268440398680923e-01
4.797720809630489081e-01
5.163434010437839561e-01
5.072635495761091962e-01
4.864386445362028910e-01
6.194761529812511380e-01
5.282647034010723441e-01
5.603359767413875758e-01
4.696116032638720239e-01
5.845568466800123986e-01
5.159291012912200491e-01
5.074966100454543216e-01
5.861018043258884314e-01
5.826241154579454573e-01
5.868734305369356363e-01
5.516653433219286251e-01
5.786329038632971322e-01
4.183402587141463735e-01
5.672232016678224742e-01
5.135675952461986604e-01
4.941433920989798390e-01
5.406087842165675506e-01
5.522628081261942157e-01
4.558112203775489535e-01
5.214721551272740729e-01
4.832986128273860094e-01
5.588699913256965912e-01
5.211893773153892795e-01
5.139761671133313836e-01
4.692983928354553247e-01
4.652476888588543136e-01
6.102242840497507093e-01
4.609740092108257636e-01
5.071137242288562552e-01
5.413723449880919469e-01
4.461363034779018411e-01
5.028723230641196640e-01
5.641782342147105833e-01
4.961366084135755417e-01
5.101055025979355229e-01
5.469949454459274163e-01
5.105882507687968808e-01
4.989608528551150446e-01
5.841557862929185330e-01
5.010503790189186901e-01
5.867095958631446395e-01
5.802185569592210879e-01
5.867867954298824351e-01
5.188829369105715239e-01
4.693190970511296745e-01
5.754795701771033833e-01
5.600838039485204201e-01
5.017082560533956404e-01
6.611537107593179474e-01
4.896588887712931548e-01
5.701848770336687133e-01
5.558400238407579241e-01
4.296366167709729789e-01
5.413794522212620475e-01
4.505690788436495509e-01
5.672674551935104059e-01
5.195390643439937728e-01
6.565280712878579505e-01
5.769732529204472105e-01
5.436556030162470465e-01
5.577300926603880882e-01
4.410074777117524714e-01
5.562528655134229005e-01
5.089063961776716383e-01
5.263332781209686395e-01
4.545036037799293771e-01
5.417440551891740119e-01
5.870680928910713137e-01
6.925526127645399432e-01
5.154736896493145037e-01
5.889148507946306843e-01
5.820609548776221054e-01
4.478396191654274716e-01
5.578550289691968089e-01
5.363464855738168113e-01
5.390929863861012583e-01
5.545904709511899622e-01
6.687125894036426432e-01
5.687381980541346138e-01
5.872638114055316327e-01
5.343695086389033122e-01
5.786637715204272503e-01
5.381318903833895995e-01
5.574350990824012975e-01
6.251971386104880901e-01
5.145072939771822007e-01
5.294907152520181848e-01
5.772909279132372173e-01
5.565984400440457947e-01
5.068267711402789644e-01
5.367549827208430990e-01
6.546545617263813677e-01
5.839669712051211992e-01
5.105553252136502129e-01
6.129716314979032354e-01
5.010830736554889864e-01
5.926011068071909138e-01
5.780964711917793153e-01
5.337871316865190341e-01
4.955532650366816227e-01
5.320555075706514536e-01
5.336506710012360877e-01
5.780052229310821410e-01
4.941170089745958727e-01
5.941609948307120526e-01
5.171960745907919765e-01
5.612990952493759345e-01
4.708704800241672039e-01
6.559361777434499219e-01
6.056398545533763222e-01
6.063006597282023513e-01
4.847523955463802214e-01
4.652484787179956283e-01
5.788928458945385991e-01
5.599954245642908557e-01
5.526220289076921866e-01
6.333847558313687731e-01
4.759086188399820339e-01
6.137573995598230026e-01
5.268676081735322869e-01
6.393303677498939352e-01
5.290954763201056732e-01
5.183371658402926574e-01
5.533261559337487867e-01
5.564055579272063623e-01
5.602328934352243106e-01
5.352211445425295588e-01
5.133919438685508041e-01
5.390221887636021947e-01
5.385393451249051999e-01
6.097067655559900157e-01
6.152742232646961629e-01
5.248989288320577984e-01
5.622172299296270825e-01
4.436446728870382383e-01
4.167086491392086312e-01
6.028530049698483939e-01
5.035622225724989409e-01
5.855909469569594572e-01
6.337515101215369651e-01
4.747204153031633345e-01
4.783333087219692192e-01
4.849294797969798121e-01
5.942399552347411573e-01
4.886235452717708760e-01
6.881168627517136871e-01
4.888461317214599089e-01
5.785178444621024152e-01
5.247530431083745617e-01
6.499034149698250662e-01
5.757965685554322643e-01
6.032012520338987382e-01
4.780854750190079439e-01
5.174153766291721412e-01
5.469083201371751635e-01
5.235036071182243012e-01
5.262105174553652898e-01
5.427189604694956371e-01
6.525315644186708841e-01
4.922109664738824053e-01
5.186045474559436430e-01
5.198863168052122452e-01
5.625234362420801215e-01
4.737920372964287141e-01
4.308169875286459449e-01
5.514174222492087551e-01
5.537212453277500224e-01
4.410336582243836734e-01
6.127142374277776415e-01
5.262855344307107996e-01
4.684641572031000289e-01
6.178107915641731784e-01
5.356010844163754392e-01
5.004959246568621012e-01
5.604211970160253298e-01
5.467062046330932734e-01
5.601945911754702134e-01
5.392505691495128595e-01
5.678753834197222128e-01
4.608436674215096729e-01
5.294334207525208669e-01
6.150389364103087120e-01
5.163566070371075067e-01
6.216765853184231805e-01
4.827872656831203590e-01
4.663815161320541969e-01
6.264915631308809463e-01
6.424606192130695170e-01
5.858365601251752652e-01
6.574856976105484252e-01
5.365030632045921788e-01
5.425831763479507241e-01
4.270907761739852759e-01
5.865038868002779848e-01
5.295221293691003694e-01
5.058765817498811490e-01
5.081803554616266538e-01
5.162256487364262902e-01
5.998554600489586219e-01
5.467826490377392101e-01
5.780433141221037463e-01
5.113538792927073695e-01
6.554773862968998888e-01
4.688213145924798320e-01
5.914898410427807951e-01
5.713354647797279640e-01
5.384664441529564138e-01
4.658780805057687324e-01
5.188229087526186056e-01
4.655906280912950890e-01
5.640327353813380240e-01
6.406619231473931197e-01
6.165273008168622448e-01
4.979134509599095759e-01
5.625081067604863483e-01
6.049369499236829650e-01
5.041044511163059738e-01
4.620958428841966947e-01
5.175186569248492185e-01
5.141136393067626820e-01
7.476437495937942046e-01
5.650223898203833306e-01
5.922752954750494236e-01
6.601666348028172315e-01
5.655634636700817008e-01
5.537422279693362537e-01
5.014186283530823740e-01
6.202129186821532247e-01
5.275548877127025360e-01
5.931215112035166381e-01
4.929461686610563387e-01
5.439356268154239560e-01
5.056254771549428817e-01
6.152736891659948970e-01
5.470569570842305218e-01
5.691500029313745213e-01
5.133651038017805757e-01
6.166731919765031655e-01
5.797756971565091177e-01
4.605164178201972547e-01
5.349621277694311949e-01
5.635738594881098962e-01
5.290338744154226003e-01
4.106594025812531634e-01
6.125457787319097402e-01
4.561600928136678168e-01
5.287958344681779055e-01
4.958581291017255532e-01
5.332867622454137146e-01
5.878931389895245552e-01
5.609028503174513514e-01
5.228800024694694182e-01
5.406224177931494568e-01
5.287060370708989154e-01
6.627657033455309765e-01
5.257475766151081809e-01
4.759056014925262534e-01
5.219511806986374403e-01
5.134891940535926125e-01
5.385194236800119327e-01
4.850624618385425690e-01
5.079712082803652384e-01
6.032311574872926130e-01
5.954072140308327432e-01
4.543336353380868498e-01
5.989593673290198872e-01
4.549434869729509501e-01
6.282347488313911876e-01
5.485315998853579345e-01
5.665152401405055826e-01
5.196299049351922328e-01
5.770669020769465529e-01
7.272795777552177876e-01
5.590466899292214631e-01
5.824551287262563770e-01
5.345402928952389665e-01
5.972964802693138120e-01
5.493587482783486298e-01
5.321969827531116692e-01
4.635191979424689301e-01
5.269738404369859186e-01
5.609640431057176801e-01
4.719611139086730689e-01
5.128591873940825385e-01
4.839884309523121431e-01
5.363858772369907157e-01
5.786680382982214432e-01
5.855561544075386093e-01
5.899341573064820210e-01
6.190055886405312346e-01
5.522650724093146613e-01
4.293826312997989225e-01
4.421414469154624771e-01
4.884393931415191847e-01
5.469454296305225061e-01
4.921454083162119519e-01
5.119075508289434584e-01
5.238599579674014795e-01
5.976263668711354615e-01
5.786526652859009801e-01
5.776687360118146763e-01
4.185289803637433081e-01
4.986780080096235301e-01
6.179575129382929299e-01
6.134454117961147812e-01
5.354989564797800750e-01
4.814963492871210393e-01
5.006543235776954592e-01
3.874579611667632317e-01
5.008581244459009429e-01
4.003984119104304629e-01
5.177894164611496208e-01
4.457604502214465025e-01
5.198096683072445101e-01
5.865440695039974006e-01
5.194904586934752100e-01
5.677187165177519645e-01
5.630496108120961463e-01
5.057352730036135391e-01
6.224687914889290852e-01
5.364308747037971337e-01
5.221951939343922877e-01
4.687072163813508219e-01
5.199223265727968002e-01
5.322362800704716346e-01
5.836897981793135459e-01
5.100149076958727656e-01
4.616924071759446746e-01
5.597977290916053006e-01
6.168496837941463973e-01
5.463123177282516174e-01
6.590667954505911030e-01
5.443120974123358824e-01
5.218443172036336675e-01
5.340079228504703845e-01
5.693519662091911515e-01
5.626324873678130167e-01
5.095682819277858044e-01
5.047834460062894379e-01
4.933894937536424385e-01
6.160659108995584221e-01
5.794068759849673178e-01
5.002250392148412939e-01
5.048507039690071085e-01
6.201694139511201298e-01
6.240517219166297203e-01
5.929512697948904343e-01
4.803367926486627471e-01
4.375799682155398496e-01
3.694936330218665521e-01
5.884991435374002933e-01
7.192763015306076202e-01
5.477118414884249997e-01
5.348437437852781029e-01
5.645882899436334146e-01
6.265918106537786691e-01
4.378668208964900388e-01
5.081975751265507268e-01
4.342147598417082088e-01
5.951377612038155629e-01
6.002051322088688412e-01
6.330536086987028632e-01
5.913231689281792658e-01
4.236042853467097413e-01
6.653338961824709630e-01
4.970050860190486364e-01
5.090799198927431490e-01
5.682590124181674529e-01
5.399209964443218990e-01
4.943586301221860047e-01
5.445280337804612181e-01
4.269769047364108117e-01
5.020681153952928355e-01
5.177697952447140040e-01
5.837382672350954760e-01
5.252671528969512504e-01
5.020168643996254509e-01
5.865657979561247348e-01
5.410238297769908167e-01
5.848900515855131044e-01
5.833165908653217269e-01
4.244126154632859027e-01
4.770778426367283664e-01
5.479085495236404313e-01
5.313243753032292904e-01
5.038516171370961416e-01
5.160904657779892268e-01
5.828952891980208051e-01
5.316782029622217909e-01
5.130534520748211147e-01
4.999609616520138689e-01
5.331294616504439476e-01
5.234459628613603588e-01
4.981310948993786791e-01
4.598392485673765684e-01
7.142625853001107750e-01
4.257901323022976747e-01
5.908647344826117864e-01
5.428421308748132557e-01
6.426081318757717042e-01
4.829494888640403771e-01
5.409591382391074621e-01
6.148694267075691666e-01
4.251616729972715336e-01
6.034248682285929810e-01
4.510156617789350397e-01
5.032768696895109084e-01
5.115076319114688630e-01
5.398405744579938270e-01
5.500127502499967402e-01
5.188417129378628534e-01
5.977487706575631554e-01
6.163688445008899119e-01
5.554339064136499804e-01
4.387581416445574534e-01
4.802230089064417062e-01
5.707354124645926952e-01
5.479319706139279544e-01
4.314147030089492962e-01
5.409309496559306929e-01
5.946944764621260315e-01
5.479810164027695274e-01
4.749721643731791842e-01
5.199043705466930287e-01
4.854105231980410107e-01
4.718988320684119886e-01
5.626420275132854032e-01
4.948985911558851924e-01
6.807345735040237766e-01
6.170566264195436190e-01
5.209509563671375076e-01
5.749318282045000617e-01
5.589113519817876519e-01
5.905349656962965987e-01
5.257994983162530556e-01
5.077305767377651158e-01
5.173449726087349099e-01
4.886975425355435387e-01
6.197639121147081598e-01
5.528444906085888677e-01
5.292650791687074641e-01
5.510297099484695593e-01
6.042249828835748460e-01
5.788686193985849160e-01
6.172621397570193791e-01
5.726353435394775371e-01
5.097838906971231543e-01
5.065877575379118536e-01
6.091817327520210323e-01
5.488800793641587239e-01
5.159349904070031911e-01
4.944364176805944311e-01
5.966601184343975905e-01
5.168243539049499624e-01
4.728575636002049221e-01
6.342578639882032743e-01
5.042167747035333214e-01
4.585552141144580984e-01
5.609540397063468298e-01
5.690361213229415682e-01
4.758545198299864443e-01
5.109359094737044860e-01
4.764264163194496526e-01
4.972838952320197681e-01
4.443720976627110741e-01
4.988089268499648621e-01
5.713760139718927489e-01
5.893391800925502633e-01
5.131654889574872591e-01
4.669650327556659208e-01
5.836111571632167649e-01
6.116356702443351834e-01
5.152824041185511961e-01
6.461790032614023183e-01
6.199881664272596238e-01
6.267447707911097954e-01
4.937177562145952936e-01
6.192599808138570250e-01
5.388123218937463932e-01
5.805799419124533234e-01
4.986077312464154421e-01
4.678493619135074555e-01
4.532035335936713816e-01
5.993829729893710434e-01
5.894035732728171162e-01
6.001338831556672915e-01
4.485761595556990722e-01
6.422831951509215820e-01
5.148493805322517103e-01
5.076813591405728854e-01
5.331428249051046731e-01
5.389657442763414741e-01
5.404171039692329259e-01
5.466301904095478559e-01
5.370405351088318735e-01
5.944154856548944377e-01
5.468098694626161160e-01
6.177503839895812643e-01
4.779802121950900151e-01
5.689691378996150073e-01
5.507454968794884831e-01
7.135807830637026505e-01
4.986835545404132986e-01
5.590869440958690095e-01
5.360070697072152335e-01
5.598859506578527379e-01
5.981782970635142194e-01
5.292473237395214358e-01
4.073330720840045993e-01
5.339273103286752420e-01
5.172004109438498309e-01
4.213218117858908984e-01
6.269987504388581101e-01
5.666883942463800672e-01
5.585979370789599940e-01
4.834074579997270082e-01
5.184295663663597287e-01
5.292878923023989213e-01
4.399808642285000237e-01
6.095924726956954975e-01
5.841885398057518053e-01
5.087951953323898158e-01
5.906898022777600232e-01
4.603006579433724932e-01
5.736821708082380233e-01
5.903964475080085705e-01
5.657449325512209359e-01
5.796132961193152244e-01
6.312195198904865245e-01
5.295609344302411037e-01
5.989741677599306202e-01
5.624017503852616340e-01
4.961912957869361596e-01
5.875694238864219709e-01
5.357385147539965864e-01
5.643869837371999765e-01
5.358904520947405103e-01
5.780912589334799012e-01
5.489068258376781362e-01
5.078112163472625618e-01
4.256783129893108031e-01
6.062126368057800807e-01
4.590415510126505394e-01
4.899723110495510792e-01
5.251962543350872092e-01
5.253826424097822745e-01
5.744616264900090918e-01
6.295146666890807374e-01
5.246287112935148489e-01
5.221699644122772543e-01
5.341872696033556078e-01
6.528256296020784610e-01
5.287513079547692119e-01
5.614171205867715120e-01
4.450696252758656324e-01
5.272621721813387508e-01
5.281680163098052549e-01
6.006453080369578146e-01
5.387229533006566706e-01
4.914417892498946783e-01
6.530540795867256776e-01
6.210720041670996228e-01
5.598315239744398042e-01
6.520083898108786080e-01
5.941275128933392047e-01
5.195941363222819076e-01
5.113916299133836052e-01
5.895235941176418804e-01
5.383535063624771411e-01
5.590412351249178791e-01
4.194819643755137162e-01
5.870160881853685453e-01
5.176760100327688630e-01
5.842693077801153212e-01
5.541157229668584039e-01
5.741652915503973054e-01
6.012480227182122050e-01
5.724225920897134667e-01
5.665016192987660792e-01
4.703180167503228093e-01
5.666293189225874993e-01
4.532531689446333556e-01
5.868633070039530608e-01
4.885665788466088122e-01
5.961807583015971135e-01
5.032112103898256361e-01
6.651150345541690934e-01
6.346817693899617918e-01
5.166980702791876823e-01
5.463077664276660972e-01
5.033617914921567627e-01
5.082350534447190871e-01
4.860227018945545985e-01
5.844563715743507082e-01
5.663416091322159840e-01
4.966157067319635354e-01
5.402167185615687206e-01
5.238567381346708185e-01
5.838957292646511643e-01
4.478932325518469870e-01
5.884697490561867639e-01
5.385589115248481384e-01
5.270741346233094315e-01
4.486176722494169544e-01
5.334156256838604726e-01
6.208160059143277287e-01
6.473330820153448961e-01
4.965382912238417989e-01
5.318281764365043740e-01
6.050465759065790650e-01
6.247813286592636128e-01
4.578825119223690066e-01
5.495564716220013857e-01
4.245949021227737874e-01
4.900024711627760099e-01
5.738717879928717513e-01
5.303361601884131193e-01
4.958912005120410527e-01
5.313664002431750522e-01
4.616673810262670319e-01
6.182623324453865310e-01
6.410780294243774158e-01
5.183729530370311256e-01
5.229688859026495606e-01
5.850989086733459077e-01
5.663199268175191925e-01
5.447688082094450657e-01
6.292392280297469664e-01
6.288893064778128261e-01
6.017619239654051766e-01
5.357908132135158485e-01
6.534330278342155296e-01
4.532497614677827857e-01
4.694062269669017629e-01
5.750998226950979619e-01
5.608836861229146153e-01
5.194096779097492345e-01
5.011591434085321817e-01
5.009916204249338367e-01
5.336817254610459749e-01
5.853343417390353132e-01
4.992890651379345845e-01
5.907840343511336911e-01
5.465078429566290197e-01
5.968952651871698434e-01
5.886310390520443914e-01
5.999560107717467616e-01
4.635594500782471705e-01
4.113548110961053883e-01
5.216140610688810852e-01
5.338918689058889111e-01
5.598371115128502051e-01
4.888363197292887041e-01
6.156406802075837792e-01
4.518914664576066942e-01
5.624620526353724115e-01
5.534291345545978569e-01
5.427167152903644709e-01
4.826451169304513122e-01
5.720839740414636054e-01
5.660648768690591526e-01
6.205450578974105458e-01
5.125950332469382253e-01
4.480567531638852130e-01
4.955540896560910458e-01
5.769256780306759591e-01
5.399189055866819853e-01
6.306572500354858946e-01
5.596754541915196501e-01
5.142764733623764739e-01
5.643208356554126892e-01
5.438897402764767408e-01
5.403777693688742723e-01
6.056642484542121840e-01
5.679219810935625112e-01
4.230430564201403398e-01
6.622218481602335505e-01
5.404773232259234561e-01
6.206213696354356824e-01
4.414213163507769710e-01
4.941733357209064925e-01
5.131899005984409401e-01
5.072458311969640921e-01
5.687628004750441280e-01
5.621069446538797809e-01
4.981269684920575092e-01
5.238316679731149783e-01
5.368471282528497479e-01
5.960198444286041175e-01
5.164369093058277516e-01
5.898849356094197915e-01
4.951825903877689616e-01
5.084088267314020859e-01
5.403905177775805146e-01
5.553595771218989841e-01
5.449798053485248595e-01
4.844588989364063125e-01
5.608143967192638080e-01
6.103876047104892510e-01
6.020467414672705520e-01
4.982025838229090509e-01
6.358086220195071636e-01
5.694620299737327418e-01
4.356678582845465719e-01
5.831299638999716262e-01
6.636449870917852101e-01
4.913413749634010785e-01
6.491305962877342850e-01
5.409244222244737887e-01
5.823645932759355937e-01
5.979310812316914747e-01
5.164053328953286393e-01
5.452639931424261288e-01
6.012107348880995072e-01
5.294606982915845972e-01
6.179859305723766072e-01
6.401346810911225926e-01
5.695924691772027426e-01
5.710235529913552099e-01
4.108975827961410254e-01
5.720524945449316778e-01
4.920811584734499089e-01
5.650788867498303114e-01
5.425510152427929222e-01
5.576250210059623402e-01
5.415193118780773363e-01
5.718003541813877488e-01
4.596543168688467795e-01
4.973801722446642426e-01
4.936277460625134728e-01
4.897767218509865850e-01
4.591309980122941781e-01
5.731682366822926644e-01
6.527265814125617904e-01
5.634213229126230349e-01
4.614415861283744924e-01
5.230298864347913135e-01
5.122242959130620665e-01
5.383807770401893844e-01
5.814896743429670556e-01
5.293159555772072311e-01
6.313896413919486417e-01
5.791563182068510951e-01
5.429010975299639608e-01
5.423452531416690370e-01
5.606706218609123216e-01
5.886206514521259425e-01
5.148959073601220293e-01
5.430474455907035036e-01
6.023409861725518288e-01
5.139923868423846853e-01
5.367809983614413305e-01
5.290614930981120123e-01
5.787581598588935616e-01
5.478645521960083808e-01
4.126742083610101530e-01
5.474773428355775851e-01
5.832826075631625251e-01
6.186788334741271100e-01
4.566498392765475645e-01
6.390024046289120019e-01
5.177742598133645568e-01
5.263743488515497670e-01
5.450395482428802563e-01
4.951525169746895383e-01
6.922488837336870926e-01
5.086546062164021276e-01
5.462720130239910876e-01
5.914431185128716795e-01
4.934256001422613891e-01
6.480342250071567944e-01
5.384187530443871328e-01
5.128205898005060437e-01
4.887644585780233641e-01
4.943635176560484124e-01
6.787501217870235415e-01
5.764387383474222082e-01
4.234213530800977621e-01
4.904730690780392810e-01
4.852257935924996213e-01
5.456355916159300046e-01
5.544628720655648824e-01
5.493267645826533929e-01
6.179162519922378749e-01
4.480637191327193070e-01
5.127844111111418135e-01
5.040914033055211574e-01
6.438628718367488402e-01
4.598988654063996262e-01
4.758242439415321656e-01
4.871954552682145057e-01
6.012442711417110841e-01
5.313103803216556731e-01
5.022497020190567207e-01
5.521081066312625296e-01
5.955481375441769032e-01
5.688940563080328028e-01
6.050130021486845866e-01
5.655569080331601661e-01
5.945206652183580021e-01
7.263787676670443449e-01
6.320070842582931059e-01
4.822314852443264632e-01
5.521647308410433386e-01
5.266119602426396762e-01
5.046271769040062694e-01
5.236390189719843935e-01
6.204392568893930537e-01
5.286180929017465502e-01
6.780999009237667075e-01
6.347196327526900550e-01
5.947306709100097510e-01
6.320833620403578657e-01
5.483963158323781339e-01
5.055065490179033727e-01
4.954247664986077826e-01
5.075508616917125959e-01
6.069181178452465186e-01
5.511565202519406181e-01
4.643956599297332510e-01
4.867232472780959052e-01
5.610656745325925954e-01
5.440844858291259412e-01
6.578023762535809560e-01
4.275042686967008287e-01
4.732098040681049778e-01
5.433156555140196131e-01
5.156522832713847926e-01
5.278248240449505690e-01
6.414814093538826478e-01
5.682368536741169152e-01
6.665142513702543292e-01
6.401430696594283543e-01
4.982746006809525285e-01
5.219681289048005990e-01
4.988759847345361487e-01
4.780305014646920037e-01
6.538759077838545153e-01
6.902561056628407909e-01
5.941448262589167362e-01
5.549257049608471437e-01
5.931982413619701910e-01
5.936559513047248160e-01
5.777709361585391390e-01
5.581750694059357532e-01
4.575311642292302916e-01
5.541651003836545186e-01
5.598493646376893063e-01
5.207977496742020040e-01
5.309214879963756184e-01
5.158097983546718890e-01
5.613513141635333437e-01
6.380638109506108213e-01
5.052283758444916506e-01
4.410651477021123035e-01
3.722446944991883444e-01
4.851882520431974322e-01
6.564796496597128383e-01
5.974251092550382225e-01
6.028975021118470057e-01
5.603422104226876144e-01
5.742751444363012325e-01
5.702794254507426164e-01
4.691029103216532992e-01
5.182725666346515991e-01
4.917163902236501016e-01
6.393443891519281497e-01
5.993665763998176077e-01
4.930507923365528011e-01
5.372936006700707035e-01
5.071204982402953698e-01
5.586749717746606336e-01
6.026758334200975620e-01
5.088406225451532761e-01
5.036064023576364290e-01
3.960428898215714311e-01
4.757624839887268919e-01
5.965201029673681266e-01
5.352820480939595171e-01
5.377652189255462956e-01
4.701630464046162583e-01
4.943004120474403518e-01
5.460109869843035035e-01
5.588840979011401311e-01
5.136394299146521680e-01
4.973741880954757333e-01
5.494138760156965784e-01
5.769990431605726000e-01
4.225522801657354832e-01
5.235332508983046029e-01
5.823355602780694307e-01
5.108629468173633281e-01
6.307575865256438430e-01
6.121142378851993637e-01
5.696050704235342543e-01
5.132022590904592452e-01
5.521021624817239459e-01
4.373002966183726081e-01
4.749115386576120423e-01
6.581906117441411741e-01
3.963049242273177231e-01
5.402843955652198993e-01
6.021238291756985106e-01
5.302323816002523227e-01
5.515499736626119365e-01
5.731617557205559432e-01
4.657539806386087888e-01
5.326660610417810471e-01
4.923254071779113450e-01
4.769412242607025121e-01
4.816743706881367326e-01
5.633198989553795943e-01
4.979492910054492683e-01
6.716721747635691075e-01
5.952503776742161801e-01
5.810372016462209688e-01
5.537898660400454309e-01
5.647657207040411853e-01
5.213621593791506470e-01
5.689809621584624999e-01
5.994973043920034383e-01
4.892540387867026497e-01
6.261042417717963549e-01
5.821805206923709175e-01
5.745041583510273053e-01
4.651440549024444815e-01
6.665204466001986017e-01
5.549213275682181035e-01
5.329319957680955788e-01
4.892918435583425429e-01
5.552448468414610261e-01
5.633262615905519910e-01
5.014837868218724459e-01
5.755662056668117144e-01
5.037626821785277098e-01
5.550752519480876002e-01
5.495911478353163737e-01
6.354538724743927780e-01
4.892421608228526009e-01
4.895655566320362140e-01
5.207667748141038278e-01
5.772949078819165081e-01
4.870665581094503760e-01
5.493622613089653717e-01
6.030252596909994045e-01
6.007647187782343412e-01
5.507087865468303090e-01
5.985697537973023730e-01
5.952365747147136954e-01
5.535995844521177656e-01
5.079938446073722913e-01
4.935145573634951988e-01
5.564917187463174209e-01
6.526413934222513591e-01
4.524094046206641462e-01
4.681540255278819340e-01
4.481299459144147401e-01
4.956267700391820408e-01
5.635341767045466410e-01
4.847650959732024978e-01
4.912385474875189395e-01
5.362630501803238303e-01
5.589319988115240001e-01
4.869259108670445646e-01
5.402136214883045406e-01
5.347089659424504315e-01
5.694955806451840186e-01
4.974908815565267095e-01
4.679626887151129289e-01
5.402987467030159197e-01
5.169179171788800264e-01
5.517459900852940136e-01
5.680200109320290291e-01
6.571497863204822654e-01
4.893554223780970380e-01
5.747396590608829792e-01
5.120037847059184521e-01
